J: 24.6433684782168
Stribeck:
  B: 4.9999999999999885
  Fc: 8.595394380081588
  Fs: 5.308190844058579
  vs: 0.24604211785897154
bias: -0.8724517254710373
joint_id: 1
timestamp: '2026-04-12 20:03:07'
