J: 0.02
Stribeck:
  B: 4.9999999999999964
  Fc: 13.483676093908441
  Fs: 6.5775360323249545
  vs: 0.20065049213346317
bias: 0.0
joint_id: 0
timestamp: '2026-04-12 20:23:25'
