J: 0.13193569811608752
Stribeck:
  B: 1.71707445260666
  Fc: 1.4939037999661582
  Fs: 1.1080631062526052
  vs: 0.08962837758310069
bias: -0.23821391246399484
joint_id: 5
timestamp: '2026-04-12 06:13:39'
