J: 0.02
Stribeck:
  B: 1.9206299027694747
  Fc: 1.179343799682896
  Fs: 0.8854301737563244
  vs: 0.08993443899704469
bias: 0.0
joint_id: 3
timestamp: '2026-04-12 20:12:39'
