J: 0.14682413324813545
Stribeck:
  B: 1.302238278999884
  Fc: 1.7859342495170585
  Fs: 1.8898579305953591
  vs: 0.49999999999999994
bias: -0.11661224238322444
joint_id: 4
timestamp: '2026-04-12 06:18:44'
