J: 0.02
Stribeck:
  B: 1.5570242905408433
  Fc: 1.3352124766764346
  Fs: 0.7697732624560125
  vs: 0.07497201917125125
bias: 0.0
joint_id: 5
timestamp: '2026-04-12 20:20:10'
