J: 0.21921968843932085
Stribeck:
  B: 1.9279268342750835
  Fc: 1.2999020674004715
  Fs: 1.2058361581985573
  vs: 0.1120119203551242
bias: -0.17667601726763382
joint_id: 3
timestamp: '2026-04-12 06:25:15'
