J: 0.02
Stribeck:
  B: 0.8049613010506689
  Fc: 1.9568970958813163
  Fs: 1.2774045755236492
  vs: 0.1208538233406283
bias: 0.0
joint_id: 4
timestamp: '2026-04-12 20:15:29'
