J: 44.158597372546836
Stribeck:
  B: 0.1
  Fc: 0.5
  Fs: 1.0
  vs: 0.05
bias: -1.726460131710316
joint_id: 1
timestamp: '2026-04-12 06:38:53'
