J: 5.1256246856555014
Stribeck:
  B: 4.999999999999999
  Fc: 6.940260035024355
  Fs: 4.255035715669662
  vs: 0.1369006760458925
bias: -2.627678424235385
joint_id: 2
timestamp: '2026-04-12 20:07:02'
