J: 12.027619691007144
Stribeck:
  B: 1.4434284949791703e-25
  Fc: 39.99999999999991
  Fs: 6.686742479579178
  vs: 1.101184015002391
bias: 0.27371010714701033
joint_id: 2
timestamp: '2026-04-12 06:32:40'
