J: 0.13416369822467863
Stribeck:
  B: 1.5270091588078152
  Fc: 1.7736500116212206
  Fs: 1.3805030354882724
  vs: 0.1932426527280898
bias: -0.004760846821584556
timestamp: '2026-04-12 01:35:53'
