Coulomb:
  B: -0.0448974826037834
  Fc: 1.0563213881145272
J: 0.09560907466376017
Stribeck:
  B: 0.2914793193260301
  Fc: 0.6727704158285613
  Fs: 0.9424999099890199
  vs: 0.4999999999978272
bias: 0.23949351485411213
rmse: 0.9593261279222584
timestamp: '2026-04-11 23:29:57'
